1229849834
556057663
1959793944
152639122
1310248936
1056551014
2058098902
949143685
749383879
2050748345
1962383712
729196958
2071583324
2096041304
844450940
2115009204
1810366484
1281185892
72758375
931813482
1538438050
825196470
627678964
960673884
1263910242
1778684817
1383353079
1357236331
499716683
2077231411
386675398
567898364
1250476480
1483229818
653376750
1219150139
1114910146
1500003747
1252443696
186490778
1171864873
960393874
852749466
2001898631
1283993668
18409373
168686843
441356261
466161889
762524167

18409373
72758375
152639122
168686843
186490778
386675398
441356261
466161889
499716683
556057663
567898364
627678964
653376750
729196958
749383879
762524167
825196470
844450940
852749466
931813482
949143685
960393874
960673884
1056551014
1114910146
1171864873
1219150139
1229849834
1250476480
1252443696
1263910242
1281185892
1283993668
1310248936
1357236331
1383353079
1483229818
1500003747
1538438050
1778684817
1810366484
1959793944
1962383712
2001898631
2050748345
2058098902
2071583324
2077231411
2096041304
2115009204
