225362672
1656758643
869545899
831706658
522742683
380673304
622435915
887578868
1116622414
213320965
1135251912
1934165036
1051795413
1587607834
440552063
1982391632
1994859466
1088348098
1748261587
1161234455
536101249
1559792778
1104340917
2104114645
1241623366
865314463
580922157
1098033437
1320996988
1310434630
2030026425
1581425086
1753805130
1989764835
1362230761
689239460
520812302
149014542
521474992
549427137
42209459
744773903
1880293005
1862669430
2015987691
1855623918
1713668092
1716432327
930289738
1698676406

42209459
149014542
213320965
225362672
380673304
440552063
520812302
521474992
522742683
536101249
549427137
580922157
622435915
689239460
744773903
831706658
865314463
869545899
887578868
930289738
1051795413
1088348098
1098033437
1104340917
1116622414
1135251912
1161234455
1241623366
1310434630
1320996988
1362230761
1559792778
1581425086
1587607834
1656758643
1698676406
1713668092
1716432327
1748261587
1753805130
1855623918
1862669430
1880293005
1934165036
1982391632
1989764835
1994859466
2015987691
2030026425
2104114645


長さ10,000の配列を昇順ソートした時の処理時間。

BubbleSort    : 1.064274sec
SelectionSort : 0.138291sec
QuickSort     : 0.001528sec
QuickSort     : 0.004296sec(not func)
